6.657189652404532
-0.9373182915237768
0.2596448573351111
0.1674440535210071
0.7481302180787077
0.573891328083322
-0.7936847472837429
-0.47473632671789945
-0.4173884870578741
-0.45769537267878446
0.7776437082547183
0.5438154109337483
-0.4328796178649785
-0.5528438650898984
-0.5317797467199108
0.9968444147763309
0.3148445198729357
-0.3661954494522719
-0.9604386486810668
-0.2334683097510879
0.04768517921989712
-0.30995988942547936
-0.25106679239399043
-0.3306831037209639
0.4782311880300949
-0.7613346854952594
0.6450437879277717
-0.5934033952396549
0.7846507471432242
0.22360738126495194
0.5868113664863011
-0.5045886929989294
-0.8682068411772361
0.8415432244891714
0.419337073996473
-0.21747203813274196
-0.304756032971627
0.020767465809715002
0.22327376863000725
0.6737594150280717
0.0051064416675159485
0.2274033730064613
-0.8126998322670675
-0.698983245352881
0.7625300766570702
0.7926354823738073
0.37144314453386906
0.6042096132348365
-0.33432073692268083
0.510274541370781
-0.49808752672307266
0.6222794616968463
-0.5496562665285005
-0.3675292228189089
0.3742353588449403
-0.24447120734443883
0.7987559560424569
0.013891559358011563
-0.1599925871530481
0.6396566806575439
0.8660041895821264
0.29984722387193274
-0.12212834363234948
-0.059510117374525384
0.6244923518871994
-0.6008544340787565
0.6601250780112515
-0.11127883718299847
-0.6910166504755524
0.24657960571669046
0.5095379415977577
-0.07908893174568665
0.7825186242141129
0.9670247323078855
0.5771666928244732
0.06805961700170982
-0.15283105997330493
-0.08844509282551671
-0.36836275329668733
-0.5712322533138761
-0.13930171175535944
-0.1652504487755322
0.17561185767095489
0.42896694000015456
-0.5454743369025059
-0.8681431403784625
0.04298624434468268
0.9257292117689506
-0.5423048247459812
-0.39696329777892503
-0.387385869350408
0.14095296007432134
0.5919338274750034
0.07383891490666139
0.7303342195799798
0.4876278675366781
0.056896132235170205
-0.09906162076102065
-0.48894249637454434
-0.6567066752391346
-0.5176609839478856
-0.806918946929946
-0.014237707204765693
-0.6066587352687678
-0.43711029294457804
-0.5012076303630864
-0.15246756824761132
0.26401618368526414
0.16982768104841317
-0.41004860024399514
0.5825222469810549
0.04636849128639797
0.1889576744065362
-0.508005392225221
-0.8440538021321338
-0.023243312217098966
-0.21015679990361513
0.04480608106446726
-0.33109990853524884
-0.41703129915885895
-0.6387353977594334
-0.6485529684793119
0.14395823537907093
-0.17512409871489476
0.5786476112298142
-0.14532362669815702
0.08670460332791952
-0.8392982170031469
0.9187098575813009
-0.8962668935239599
-0.9343766999432166
-0.8234889359209285
0.47272990597988107
0.06852408110757513
0.5323367025294459
0.17177682582865605
-0.5640313127268504
0.5372115113716329
-0.8547966355146643
-0.10249207075291666
-0.5569813333111182
-0.905460926419106
-0.610968442181939
0.7451345520577695
0.7900147613468791
-0.4371569375057267
0.8785484040423772
-0.04118492358944148
0.04515455093755061
0.5365854204506666
0.4113861152543472
0.2195418282135564
-0.19096491019085393
-0.21040033821412352
0.23526271075900596
0.44714174349689295
0.6945327166694628
-0.0744668495085572
-0.08834680995687272
0.789296147694887
0.9428409073047599
0.12988143379881567
-0.7383460519522749
0.3754453264425339
0.7683529657879113
0.15841749585076514
-0.696595637773574
-0.43367689283775834
0.342783468522186
