0.8841396036667849
0.27982015096594215
-0.14058337437626767
-0.8736307659454126
0.5482938335515617
-0.765951015107023
0.956547139680993
0.42390940878352135
0.2530711974675026
0.5967058526151208
0.21463621087585083
-0.31674026916373577
-0.9838088041578115
-0.6087724754984771
-0.511337005202924
-0.47012131575115856
0.3914163520680687
-0.15804893857546776
-0.2433495676831121
0.1307337334380012
0.7561435201280429
-0.9069282413565949
-0.1288154596476221
-0.4302128270411152
-0.7115489327025866
-0.2769797866529653
-0.20907075266236474
-0.9404101648312964
-0.5244511834016286
-0.8303191726066241
0.4124646941583243
0.3431474112042552
0.5744248085681241
-0.11130707742334467
-0.09140549644271334
0.8443338528883215
0.26163102187783194
-0.737843080326722
-0.37149254032393
0.7800477048888812
-0.6253095652179392
-0.708635949212159
-0.08790630258668597
-0.2687184427835836
0.8309733745947123
-0.02105853296556548
0.6548609957607767
-0.7696798330255286
-0.5712779780372452
-0.48225081576558915
0.48373562275741366
0.5997949443981478
-0.3139108533590864
-0.23886885612094289
0.695116901388285
0.3544817719696838
0.5826193309807453
-0.6497739028410054
-0.673830090420404
0.002101504029289325
0.5936534571713179
-0.8312029985721276
0.8481362911954853
0.8993327223859242
0.002196605188147238
0.45179214237682386
0.1366802689641966
-0.5855844160723591
0.3117065027908097
0.7684486719042696
0.22868728828574225
0.5825961254124319
-0.1414753600819374
0.9896552790097048
-0.8723659258568601
0.5038745202545143
0.3273775786926929
-0.6537645891812718
0.3139159815708856
-0.09852276831124729
-0.75932644898445
-0.06272856754480638
0.29995780003348904
0.3585847698045599
0.5673758863839204
-0.7488012181154318
-0.7181341586176837
-0.4826604193052588
-0.9098557562084308
0.553990028451911
-0.5220591084291619
-0.9212578395468487
-0.9418970083614966
0.7717756692957034
-0.3933156889200522
0.39406551450609717
-0.05023435862411785
0.00495551511147041
0.6859662567199343
0.9651288277494992
-0.9468204542328755
-0.24679185240719836
-0.01503696496713891
-0.6309776469051545
-0.8167565769766465
0.9581510921623468
0.8561346398917871
0.8558661204546272
-0.42911094232360725
-0.48412243446283165
-0.7054293827742943
