7.169670699954843
0.6125489792483985
-0.612448591439789
0.10939772577718165
0.6479023707001219
0.7349065789862017
-0.5555881871762594
-0.44927685835752573
0.15660805636101505
0.431282819071396
-0.6201342115655966
0.9189711552871107
-0.8638246669909768
0.6938901376238391
5.4286021009763985e-05
0.27048782664363125
0.5216836467797086
0.6927219625873315
-0.5134544520731466
-0.08078222004286251
-0.48798895929755015
0.6480679456645442
-0.7956960654460794
0.8495192316227744
0.9819832517496982
-0.18589018829246928
0.5687247188849531
0.27626405131393006
-0.8579842463247778
0.25348453224851886
-0.8596624194460938
0.11877058512581051
0.7552004921499884
0.14986618752982728
0.5034635669804948
0.2758502695809404
0.5848664763157885
-0.2669954665736811
0.19616000609727635
0.6710173787520586
0.25421914286237857
0.24189277654120778
0.1422017396607025
-0.639775647669965
0.9654588190807827
-0.7717553117466784
0.027502302141384716
-0.1535774405190058
0.35973798014546143
0.3119474819736723
0.9924038244104432
0.5035948371007277
-0.98656445615169
0.08225840464207113
0.24800341063251308
-0.6183412717048837
-0.9793132772391175
0.24526065647952855
-0.4356443006755939
-0.8452712861737564
0.214627871588565
-0.8979553578278108
0.9964625616876102
-0.3492322034653679
-0.22168392084110033
0.7317046635214284
0.6236022243561776
-0.8753994792528701
0.23955001894392058
-0.8963976648906309
-0.6428261387188701
0.5559635810258658
-0.2389912352207424
-0.48644691563959186
0.631620607356755
-0.9031699772114876
0.9098158100797806
0.13354372748388732
-0.48079410191251215
0.4053379438542968
0.12249937880249018
0.3800308315768264
0.11247116150530068
-0.3774899538514773
-0.369230607938422
-0.7358164358321351
-0.14561486429487958
0.7222672246605779
-0.7246466019798683
-0.5834693984779971
0.8961580302591785
0.4148637713781218
0.10183828571685605
0.43175927754530186
-0.9346181715029778
-0.36520317960151094
0.6466323019101863
0.539038994552739
-0.8015813408668577
-0.6475835727364967
-0.3329277064140763
-0.2717613293075254
0.6674153578314246
0.6552067341156169
-0.40283707220728227
-0.5129257517847001
-0.4294157638219187
-0.5023076150625343
0.7058906366837401
0.5116056112771197
-0.9066193696301097
-0.2529979521459895
-0.5931561530736411
-0.2739265617791786
0.6447099134881871
-0.7287095170630329
0.2959965964426623
0.36327963972846655
-0.26915411207686635
0.6326545708011633
-0.5848500889473389
0.5342114314671083
-0.04289397455495947
-0.4112510405215424
-0.6650913791052873
0.13247654112075558
0.5727754062526456
-0.12803131098065235
-0.7464813998187516
0.9414261024896107
0.32433274353276964
0.26056525558866706
-0.6082112641159265
-0.3842456962570231
0.06095499091311907
-0.6139107222867386
-0.5732590239791213
0.2645330838339104
-0.5600006077717923
0.9607110706004365
0.2178241390476019
0.14104043100456454
0.09067044026729154
-0.8580103008780633
0.8692583643024527
-0.360482693795215
-0.27481089723515817
-0.34293589542820335
-0.961297712898664
0.6762625791328163
0.7669528677960953
0.3707142114544628
0.7962894918971428
-0.4214371011335978
0.6878600753746402
-0.29660329368428506
0.2255808604624019
-0.36299296319014895
-0.7018985108048721
0.6218252694419346
-0.13640044182554756
0.5333701346153394
0.7066439141792151
-0.1545859122882587
0.044138095821927736
-0.02089937790714491
-0.8893788080802147
0.15420843470615764
0.45819392051755004
